ELEMENTS
C
H
N
O
Ar
END
!
SPECIES

END
!
THERMO

END
!
!                                                                                            cm-1    cal/mol-K   cal/mol-K    cal/mol     cal/mol     cal/mol     cal/mol     cal/mol     cal/mol   
!REACTIONS                                          for.sym.  conv.f.  back.sym.  conv.b.     Freq       DSf         DSb         DHf         DHb         DGf         DGb         DHr         DGr        ff    fb                                                                                                                                                                                   
REACTIONS
!----------------------Level 0--------------------------
!-------------------
! Reactions of HMX !
!-------------------
HMX=INT249a+t_HONO                                8.00E+00  1.00E+00  1.00E+00  1.00E+03  1.53E+03   1.5000E+00 -4.6383E+01  4.3562E+04  5.0515E+04  4.3110E+04  6.4320E+04 -6.9534E+03 -2.1210E+04     1.0   0.0 
HMX+NO=ONTNTA+NO2                                 8.00E+00  1.00E+03  1.00E+00  1.00E+03  3.75E+02  -3.2567E+01 -3.9416E+01  3.3518E+04  3.4416E+04  4.3173E+04  4.6122E+04 -8.9734E+02 -2.9493E+03     0.0   0.0
HMX+NO2=INT295a+c_HONO                            8.00E+00  1.00E+03  1.00E+00  1.00E+03  1.69E+03  -3.5399E+01 -4.2250E+01  2.5906E+04  1.0931E+04  3.6396E+04  2.3469E+04  1.4975E+04  1.2927E+04     2.0   0.0
INT295a=INT249a+NO2                               2.00E+00  1.00E+00  2.00E+00  1.00E+03  4.51E+02  -4.0900E-01 -4.1325E+01  3.0215E+03  2.3640E+04  3.1375E+03  3.5956E+04 -2.0619E+04 -3.2819E+04     0.0   0.0
!
t_HONO=c_HONO                                     1.00E+00  1.00E+00  1.00E+00  1.00E+00  6.16E+02   1.5100E-01  2.6700E-01  1.1081E+04  9.7709E+03  1.1044E+04  9.7264E+03  1.3096E+03  1.3178E+03     0.0   0.0
t_HONO+c_HONO=ONNO2+H2O                           1.00E+00  1.00E+03  1.00E+00  1.00E+03  9.67E+02  -3.6108E+01 -3.6313E+01  7.1310E+03  1.2062E+04  1.7884E+04  2.2904E+04 -4.9310E+03 -5.0201E+03     0.0   0.0
t_HONO+t_HONO=ONNO2+H2O                           1.00E+00  1.00E+03  1.00E+00  1.00E+03  9.65E+02  -3.6447E+01 -3.6536E+01  7.5834E+03  1.1205E+04  1.8386E+04  2.2088E+04 -3.6214E+03 -3.7023E+03     0.0   0.0
c_HONO+c_HONO=NO2+NO+H2O                          1.00E+00  1.00E+03  1.00E+00  1.00E+03  1.03E+03  -3.5524E+01 -3.7657E+01  6.7827E+03  4.7358E+03  1.7382E+04  1.5939E+04  2.0469E+03  1.4433E+03     0.0   0.0
NO+NO2=ONNO2                                      1.00E+00  1.00E+03  1.00E+00  1.00E+00  1.00E+00  -3.5577E+01  0.0000E+00 -1.0239E+04  0.0000E+00  3.1375E+02  0.0000E+00 -1.0239E+04  3.1375E+02     0.0   0.0
!----------------------Level 1--------------------------
!-----------------------
! Reactions of INT249a !
!-----------------------
INT249a=INT202a+t_HONO                            1.00E+00  1.00E+00  1.00E+00  1.00E+03  1.49E+03  -1.7080E+00 -4.4140E+01  4.1913E+04  5.0543E+04  4.2420E+04  6.3629E+04 -8.6295E+03 -2.1210E+04     0.0   0.0
INT249a=INT202c+t_HONO                            1.00E+00  1.00E+00  1.00E+00  1.00E+03  1.58E+03  -8.1400E-01 -4.4501E+01  4.1960E+04  5.1434E+04  4.2231E+04  6.4696E+04 -9.4741E+03 -2.2465E+04     0.0   0.0
INT249a+c_HONO=INT296a                            1.00E+00  1.00E+03  1.00E+00  1.00E+00  3.75E+01  -3.9207E+01  3.1480E+00  3.5147E+03  7.6161E+03  1.5186E+04  6.6516E+03 -4.1014E+03  8.5341E+03     0.0   0.0
INT296a=INT296a_RO                                1.00E+00  1.00E+00  1.00E+00  1.00E+00  2.66E+02   1.2610E+00 -8.7640E+00  9.0186E+03  1.9134E+04  8.6596E+03  2.1775E+04 -1.0115E+04 -1.3115E+04     0.0   0.0
INT296a_RO=INT206e+N2O+NO2                        1.00E+00  1.00E+00  2.00E+00  1.00E+06  2.26E+02   8.5360E+00 -7.5031E+01  1.0028E+04  1.3410E+04  7.4674E+03  3.5705E+04 -3.3823E+03 -2.8238E+04     0.0   0.0
INT249a+ONNO2=INT325a                             4.00E+00  1.00E+03  1.00E+00  1.00E+00  1.47E+02  -4.5421E+01  1.6800E-01  1.0305E+04  2.1464E+04  2.3845E+04  2.1398E+04 -1.1159E+04  2.4473E+03     0.0   0.0
INT249a+NO2=INT248a+c_HONO                        4.00E+00  1.00E+03  1.00E+00  1.00E+03  1.53E+03  -3.5093E+01 -3.6881E+01  2.2615E+04  1.6305E+04  3.3070E+04  2.7297E+04  6.3096E+03  5.7731E+03     0.0   0.0
INT248a=INT202a+NO2                               1.00E+00  1.00E+00  2.00E+00  1.00E+03  6.29E+02   3.4000E-02 -4.1749E+01  6.6811E+03  2.1155E+04  6.6516E+03  3.3572E+04 -1.4474E+04 -2.6920E+04     0.0   0.0
!
!-----------------------
! Reactions of ONTNTA !
!-----------------------
ONTNTA=INT233a+t_HONO                             1.00E+00  1.00E+00  1.00E+00  1.00E+03  1.49E+03   1.7500E-01 -4.5690E+01  4.2688E+04  4.9762E+04  4.2671E+04  6.3378E+04 -7.0745E+03 -2.0708E+04     0.0   0.0
ONTNTA+NO2=INT279a+c_HONO                         2.00E+00  1.00E+03  1.00E+00  1.00E+03  1.64E+03  -3.5930E+01 -4.1713E+01  2.5048E+04  1.1985E+04  3.5705E+04  2.4347E+04  1.3062E+04  1.1358E+04     0.0   0.0
ONTNTA+NO2=INT279b+c_HONO                         2.00E+00  1.00E+03  1.00E+00  1.00E+03  1.67E+03  -3.5609E+01 -3.9973E+01  2.5782E+04  1.0626E+04  3.6396E+04  2.2528E+04  1.5156E+04  1.3868E+04     0.0   0.0
INT279a=INT249a+NO                                1.00E+00  1.00E+00  1.00E+00  1.00E+03  3.56E+02  -1.8780E+00 -3.7013E+01 -9.0989E+01  1.7718E+04  4.3926E+02  2.8740E+04 -1.7809E+04 -2.8301E+04     0.0   0.0
INT279b=INT233a+NO2                               1.00E+00  1.00E+00  2.00E+00  1.00E+03  5.85E+02  -7.7900E-01 -4.2164E+01  3.3321E+02  2.1254E+04  5.6476E+02  3.3823E+04 -2.0921E+04 -3.3258E+04     0.0   0.0
!----------------------Level 2--------------------------
!-----------------------------------
! Reactions of INT202a and INT202c !
!-----------------------------------
INT202a=INT101a+INT101a                           1.00E+00  1.00E+00  1.00E+00  1.00E+03  2.94E+02   1.3277E+01 -4.4723E+01  3.2583E+04  1.8165E+04  2.8614E+04  3.1501E+04  1.4418E+04 -2.8865E+03     0.0   0.0
INT202c=INT202c_RO                                1.00E+00  1.00E+00  1.00E+00  1.00E+00  9.38E+01   6.0590E+00 -8.2680E+00  2.6474E+04  2.9587E+03  2.4661E+04  5.3966E+03  2.3515E+04  1.9265E+04     0.0   0.0
INT202c_RO=INT128a_RO+CH2NNO2                     1.00E+00  1.00E+00  1.00E+00  1.00E+03  3.10E+02   2.9850E+00 -3.9856E+01  3.5605E+03  1.0717E+04  2.6983E+03  2.2590E+04 -7.1567E+03 -1.9892E+04     0.0   0.0
INT128a=INT128a_RO                                1.00E+00  1.00E+00  1.00E+00  1.00E+00  2.90E+02   1.0470E+00 -6.9240E+00  2.1232E+04  8.9765E+03  2.0959E+04  1.1044E+04  1.2256E+04  9.9146E+03     0.0   0.0
INT128a=TAZ+t_HONO                                1.00E+00  1.00E+00  1.00E+00  1.00E+03  7.78E+02  -7.9100E-01 -4.1312E+01  3.1779E+04  6.2598E+04  3.2066E+04  7.4925E+04 -3.0819E+04 -4.2859E+04     0.0   0.0
!-----------------------------------
! Reactions of INT206e and INT325a !
!-----------------------------------
INT206e=INT132a+CH2NNO2                           1.00E+00  1.00E+00  1.00E+00  1.00E+03  4.22E+02   2.6700E-01 -4.3274E+01  2.2214E+04  1.1938E+04  2.2088E+04  2.4787E+04  1.0276E+04 -2.6983E+03     0.0   0.0
INT325a=INT325a_RO1                               1.00E+00  1.00E+00  1.00E+00  1.00E+00  2.76E+02  -2.2520E+00 -1.0285E+01  1.2848E+04  1.1241E+04  1.3491E+04  1.4307E+04  1.6064E+03 -8.1576E+02     0.0   0.0
INT325a_RO1=INT235b+N2O+NO2                       1.00E+00  1.00E+00  2.00E+00  1.00E+06  3.06E+02   6.1490E+00 -7.3640E+01  1.2467E+04  1.6437E+04  1.0668E+04  3.8341E+04 -3.9696E+03 -2.7673E+04     0.0   0.0
INT235b=INT189b+NO2                               1.00E+00  1.00E+00  2.00E+00  1.00E+03  5.97E+02   3.1070E+00 -4.5263E+01  5.1939E+03  2.2166E+04  4.2671E+03  3.5643E+04 -1.6972E+04 -3.1375E+04     0.0   0.0
INT325a=INT325a_RO2                               1.00E+00  1.00E+00  1.00E+00  1.00E+00  2.96E+02  -1.5270E+00 -1.2777E+01  1.4138E+04  1.8165E+04  1.4558E+04  2.1963E+04 -4.0267E+03 -7.4046E+03     0.0   0.0
INT325a_RO2=INT251c+NO2+N2                        1.00E+00  1.00E+00  4.00E+00  1.00E+06  2.05E+02  -2.3100E+00 -7.7163E+01  5.8358E+03  3.3801E+04  6.5261E+03  5.6727E+04 -2.7966E+04 -5.0201E+04     0.0   0.0
INT251c=INT205c+NO2                               1.00E+00  1.00E+00  2.00E+00  1.00E+03  5.97E+02   2.9380E+00 -4.5803E+01  5.2184E+03  2.2250E+04  4.3298E+03  3.5831E+04 -1.7031E+04 -3.1501E+04     0.0   0.0
!-----------------------------------
! Reactions of INT101a and CH2NNO2 !
!-----------------------------------
INT101a+c_HONO=INT148a                            1.00E+00  1.00E+03  1.00E+00  1.00E+00  2.02E+02  -4.0589E+01  2.9060E+00  1.1948E+04  1.2954E+04  2.4034E+04  1.2048E+04 -1.0065E+03  1.1985E+04     0.0   0.0
INT148a=CH2NCHO+INT91a                            1.00E+00  1.00E+00  1.00E+00  1.00E+03  3.37E+02   5.9200E+00 -3.9250E+01  2.0039E+04  2.5963E+04  1.8261E+04  3.7651E+04 -5.9243E+03 -1.9390E+04     0.0   0.0
INT101a+ONNO2=INT177a                             2.00E+00  1.00E+03  1.00E+00  1.00E+00  3.13E+02  -4.3744E+01 -8.7400E-01  1.9729E+04  7.9995E+03  3.2756E+04  8.2204E+03  1.1729E+04  2.4536E+04     0.0   0.0
INT177a=CH2NCHO+INT120b                           1.00E+00  1.00E+00  1.00E+00  1.00E+03  2.65E+02  -7.7700E-01 -4.9923E+01 -3.2254E+02  1.6421E+04 -1.2550E+02  3.1250E+04 -1.6743E+04 -3.1375E+04     0.0   0.0
INT101a=CH2O+N2O+HCN                              1.00E+00  1.00E+00  1.00E+00  1.00E+06  4.94E+02  -1.5700E+00 -6.1170E+01  2.4950E+04  5.8668E+04  2.5414E+04  7.6870E+04 -3.3717E+04 -5.1456E+04     0.0   0.0
CH2NNO2=HCN+t_HONO                                1.00E+00  1.00E+00  1.00E+00  1.00E+03  1.31E+03  -4.5600E-01 -2.4960E+01  2.9233E+04  5.0026E+04  2.9367E+04  5.7417E+04 -2.0793E+04 -2.8050E+04     0.0   0.0
CH2NNO2=CH2N+NO2                                  1.00E+00  1.00E+00  2.00E+00  1.00E+03  1.00E+00   4.2693E+01  0.0000E+00  2.7666E+04  0.0000E+00  1.4997E+04  0.0000E+00  2.7666E+04  1.4997E+04     0.0   0.0
CH2NNO2+NO=CH2NNO+NO2                             1.00E+00  1.00E+03  2.00E+00  1.00E+03  3.70E+02  -2.6950E+01 -3.2393E+01  2.1879E+04  1.3673E+04  2.9869E+04  2.3281E+04  8.2059E+03  6.5888E+03     0.0   0.0
CH2NNO2+c_HONO=INT121a                            1.00E+00  1.00E+03  1.00E+00  1.00E+00  3.23E+02  -3.9734E+01  1.6690E+00  1.6537E+04  2.9980E+04  2.8363E+04  2.9493E+04 -1.3444E+04 -1.1295E+03     0.0   0.0
INT121a=CH2O+INT91a                               1.00E+00  1.00E+00  1.00E+00  1.00E+03  2.89E+02   3.5510E+00 -3.8397E+01  3.1407E+04  2.0851E+04  3.0371E+04  3.2317E+04  1.0557E+04 -1.9453E+03     0.0   0.0
INT91a=N2O+t_HONO                                 1.00E+00  1.00E+00  1.00E+00  1.00E+03  2.32E+02   1.5550E+00 -3.3276E+01  2.1010E+04  5.6975E+04  2.0582E+04  6.6892E+04 -3.5964E+04 -4.6310E+04     0.0   0.0
CH2NNO2+ONNO2=INT150a                             2.00E+00  1.00E+03  1.00E+00  1.00E+00  2.80E+02  -4.2932E+01 -7.2600E-01  1.3491E+04  2.0934E+04  2.6293E+04  2.1147E+04 -7.4429E+03  5.1456E+03     0.0   0.0
INT150a=CH2O+INT120b                              1.00E+00  1.00E+00  2.00E+00  1.00E+03  2.27E+02  -7.1600E-01 -4.8068E+01  1.2727E+04  6.2544E+03  1.2927E+04  2.0582E+04  6.4728E+03 -7.6556E+03     0.0   0.0
INT120b=N2O+ONNO2                                 1.00E+00  1.00E+00  1.00E+00  1.00E+03  3.65E+02  -6.4100E-01 -3.2567E+01  1.9674E+04  4.7958E+04  1.9892E+04  5.7668E+04 -2.8284E+04 -3.7776E+04     0.0   0.0
CH2NNO2+NO2=c_HONO+HCN+NO2                        2.00E+00  1.00E+03  2.00E+00  1.00E+06  1.93E+03  -2.9127E+01 -5.3515E+01  2.7484E+04  4.6967E+04  3.6145E+04  6.2876E+04 -1.9484E+04 -2.6732E+04     0.0   0.0
CH2NNO2+CH2NNO2=INT75a+HCN+NO2                    2.00E+00  1.00E+03  2.00E+00  1.00E+06  8.82E+02  -2.6222E+01 -5.3283E+01  4.2165E+04  3.2832E+04  4.9950E+04  4.8632E+04  9.3336E+03  1.3178E+03     0.0   0.0
INT75a=CH2N+c_HONO                                1.00E+00  1.00E+00  1.00E+00  1.00E+03  3.98E+02   2.2060E+00 -3.7814E+01  1.0576E+04  1.1727E+04  9.9146E+03  2.2967E+04 -1.1509E+03 -1.3052E+04     0.0   0.0
CH2NNO2=INT74a                                    1.00E+00  1.00E+00  1.00E+00  1.00E+00  7.37E+02  -4.6980E+00 -8.0000E-03  3.6054E+04  2.3915E+04  3.7462E+04  2.3908E+04  1.2139E+04  1.3554E+04     0.0   0.0
INT74a=CH2O+N2O                                   1.00E+00  1.00E+00  2.00E+00  1.00E+03  9.25E+02   3.4220E+00 -3.6528E+01  2.0503E+04  7.0184E+04  1.9453E+04  8.1074E+04 -4.9681E+04 -6.1621E+04     0.0   0.0
CH2NNO2+HCO=CH2NH+CO2+NO                          1.00E+00  1.00E+03  1.00E+00  1.00E+06  4.33E+02  -3.2595E+01 -6.2469E+01  3.5141E+03  9.3082E+04  1.3178E+04  1.1163E+05 -8.9568E+04 -9.8456E+04     0.0   0.0
!-----------------------
! Reactions of INT233a !
!-----------------------
INT233a=INT186b+t_HONO                            1.00E+00  1.00E+00  1.00E+00  1.00E+03  1.54E+03   2.6400E-01 -4.4183E+01  4.9159E+04  5.8755E+04  4.9071E+04  7.1850E+04 -9.5959E+03 -2.2779E+04     0.0   0.0
INT233a+NO2=INT232a+c_HONO                        2.00E+00  1.00E+03  1.00E+00  1.00E+03  1.55E+03  -3.5699E+01 -3.6961E+01  2.1517E+04  1.8420E+04  3.2128E+04  2.9430E+04  3.0968E+03  2.6983E+03     0.0   0.0
INT232a=INT186b+NO2                               1.00E+00  1.00E+00  2.00E+00  1.00E+03  6.23E+02   1.4900E+00 -4.1579E+01  9.5896E+03  2.0973E+04  9.1616E+03  3.3321E+04 -1.1383E+04 -2.4159E+04     0.0   0.0
INT186b=INT186b_RO                                1.00E+00  1.00E+00  1.00E+00  1.00E+00  9.68E+01   5.8590E+00 -9.6160E+00  2.7176E+04  2.8771E+03  2.5414E+04  5.7731E+03  2.4299E+04  1.9641E+04     0.0   3.0
INT186b_RO=INT112c+CH2NNO2                        1.00E+00  1.00E+00  1.00E+00  1.00E+03  2.28E+02   2.3650E+00 -3.9182E+01  9.9002E+03  1.2189E+04  9.2244E+03  2.3845E+04 -2.2892E+03 -1.4621E+04    -3.0   0.0
INT112a=INT112c                                   1.00E+00  1.00E+00  1.00E+00  1.00E+00  2.64E+02   3.2270E+00 -6.5790E+00  2.7086E+04  8.0616E+03  2.6167E+04  1.0040E+04  1.9024E+04  1.6127E+04     0.0   0.0
INT233a+c_HONO=INT280a                            1.00E+00  1.00E+03  1.00E+00  1.00E+00  4.18E+01  -3.8600E+01  2.5030E+00  1.7802E+03  7.7190E+03  1.3303E+04  6.9653E+03 -5.9387E+03  6.3378E+03     0.0   3.0
INT280a=INT280a_RO                                1.00E+00  1.00E+00  1.00E+00  1.00E+00  2.62E+02   9.4400E-01 -1.1411E+01  1.2378E+04  2.7496E+04  1.2048E+04  3.0873E+04 -1.5118E+04 -1.8825E+04    -3.0   0.0
INT280a_RO=INT206e+N2+NO2                         1.00E+00  1.00E+00  4.00E+00  1.00E+06  1.65E+02   8.6700E-01 -7.7154E+01  1.2807E+03  2.8428E+04  1.0040E+03  5.1330E+04 -2.7147E+04 -5.0326E+04     0.0   0.0
INT233a=INT233a_RO1                               1.00E+00  1.00E+00  1.00E+00  1.00E+00  6.06E+01   4.4400E+00  6.9360E+00  2.8361E+04  8.8366E+03  2.7046E+04  6.7771E+03  1.9524E+04  2.0269E+04    -3.0   3.0
INT233a_RO1=INT159a+CH2O+N2O                      1.00E+00  1.00E+00  2.00E+00  1.00E+06  2.95E+02   8.9870E+00 -7.5940E+01  2.8614E+04  7.8807E+04  2.5916E+04  1.0141E+05 -5.0193E+04 -7.5489E+04    -3.0   0.0
!-------------------Level 3-----------------------------
!-----------------------
! Reactions of INT132a !
!-----------------------
INT132a=CH2NNO2+CH2NHCHO                          1.00E+00  1.00E+00  1.00E+00  1.00E+03  3.44E+02   5.0670E+00 -3.8377E+01  2.6013E+04  8.1852E+03  2.4473E+04  1.9578E+04  1.7828E+04  4.8946E+03     0.0   0.0
INT132a=INT86a+NO2                                1.00E+00  1.00E+00  2.00E+00  1.00E+03  5.70E+02   2.3710E+00 -4.1133E+01  6.4997E+03  1.6960E+04  5.7731E+03  2.9179E+04 -1.0461E+04 -2.3406E+04     0.0   0.0
!-----------------------------------
! Reactions of INT189b and INT205c !
!-----------------------------------
INT189b+ONNO2=INT265a                             2.00E+00  1.00E+03  1.00E+00  1.00E+00  1.39E+02  -4.5847E+01  6.1800E-01  1.0855E+04  2.5580E+04  2.4473E+04  2.5351E+04 -1.4726E+04 -8.7851E+02     0.0   0.0
INT265a=INT235a_RO+CH2O                           1.00E+00  1.00E+00  2.00E+00  1.00E+03  2.18E+02   4.7700E-01 -4.5288E+01  1.9700E+04  6.8317E+03  1.9516E+04  2.0269E+04  1.2868E+04 -7.5301E+02     0.0   0.0
INT235a_RO=INT161a+N2+NO2                         1.00E+00  1.00E+00  4.00E+00  1.00E+06  2.33E+02  -2.4210E+00 -7.6768E+01  1.8656E+03  2.9666E+04  2.5728E+03  5.2523E+04 -2.7801E+04 -4.9950E+04     0.0   0.0
INT205c+ONNO2=INT281a                             2.00E+00  1.00E+03  1.00E+00  1.00E+00  1.79E+02  -4.4368E+01  3.0000E+00  1.0516E+04  2.6949E+04  2.3720E+04  2.6042E+04 -1.6433E+04 -2.3218E+03     0.0   0.0
INT281a=INT251d+CH2O                              1.00E+00  1.00E+00  2.00E+00  1.00E+03  2.10E+02   8.8400E-01 -4.5121E+01  1.9113E+04  7.4887E+03  1.8825E+04  2.0959E+04  1.1624E+04 -2.1335E+03     0.0   0.0
INT251d=INT177b+NO2+N2                            1.00E+00  1.00E+00  4.00E+00  1.00E+06  2.27E+02   6.1600E-01 -7.4353E+01  5.4204E+03  3.2214E+04  5.2711E+03  5.4342E+04 -2.6793E+04 -4.9071E+04     0.0   0.0
!-----------------------
! Reactions of CH2NCHO !
!-----------------------
CH2NCHO+ONNO2=INT133a                             2.00E+00  1.00E+03  1.00E+00  1.00E+00  2.04E+02  -4.1485E+01  2.3520E+00  1.0088E+04  2.9309E+04  2.2402E+04  2.8552E+04 -1.9221E+04 -6.1496E+03     0.0   0.0
INT133a=CH2O+INT103c_cis                          1.00E+00  1.00E+00  2.00E+00  1.00E+03  1.79E+02   1.5050E+00 -4.5017E+01  2.1920E+04  3.0779E+03  2.1461E+04  1.6503E+04  1.8842E+04  4.9573E+03     0.0   0.0
INT103c_cis=N2O+HNO+CO                            1.00E+00  1.00E+00  1.00E+00  1.00E+06  1.11E+03   1.1800E+00 -6.4423E+01  2.1156E+04  4.2055E+04  2.0771E+04  6.1245E+04 -2.0899E+04 -4.0474E+04     0.0   0.0
CH2NCHO+NO2=CH2NCO+c_HONO                         2.00E+00  1.00E+03  1.00E+00  1.00E+03  1.45E+03  -3.4496E+01 -3.6427E+01  1.4319E+04  1.8863E+04  2.4536E+04  2.9681E+04 -4.5444E+03 -5.1456E+03     0.0   0.0
CH2NCO=CH2N+CO                                    1.00E+00  1.00E+00  1.00E+00  1.00E+03  4.09E+02   1.5450E+00 -3.2540E+01  2.7254E+04  9.7785E+03  2.6795E+04  1.9453E+04  1.7475E+04  7.3419E+03     0.0   0.0
CH2NCHO+c_HONO=INT104a                            2.00E+00  1.00E+03  1.00E+00  1.00E+00  2.36E+02  -3.8916E+01  2.3720E+00  4.5325E+03  2.6361E+04  1.6127E+04  2.5665E+04 -2.1829E+04 -9.5381E+03     0.0   0.0
INT104a+CH2N=INT103a+CH2NH                        1.00E+00  1.00E+03  1.00E+00  1.00E+03  1.73E+03  -3.4395E+01 -3.4493E+01  1.4024E+04  5.7266E+03  2.4222E+04  1.6001E+04  8.2969E+03  8.2204E+03     0.0   0.0
INT104a+NO2=INT103a+c_HONO                        2.00E+00  1.00E+03  1.00E+00  1.00E+03  1.48E+03  -3.2423E+01 -3.3637E+01  1.7408E+04  4.3737E+02  2.7046E+04  1.0479E+04  1.6971E+04  1.6566E+04     0.0   0.0
INT103a=INT103b                                   1.00E+00  1.00E+00  1.00E+00  1.00E+00  1.32E+02  -3.7730E+00  2.2260E+00  1.9861E+03  1.9793E+04  3.1375E+03  1.9139E+04 -1.7807E+04 -1.6001E+04     0.0   0.0
INT103b=HNCO+CH2O+NO                              1.00E+00  1.00E+00  2.00E+00  1.00E+06  3.88E+02   7.1130E+00 -7.3394E+01  2.0940E+04  3.4783E+04  1.8825E+04  5.6664E+04 -1.3843E+04 -3.7839E+04     0.0   0.0
CH2NCO+NO2=INT102h                                2.00E+00  1.00E+03  1.00E+00  1.00E+00  1.00E+00   0.0000E+00  3.9336E+01  0.0000E+00  3.6948E+04 -1.7835E-08  2.5289E+04 -3.6948E+04 -2.5289E+04     0.0   0.0
INT102h=CH2NNO+CO2                                1.00E+00  1.00E+00  2.00E+00  1.00E+03  4.93E+01  -4.6990E+00 -3.5080E+01  1.9999E+03  2.2219E+04  3.4513E+03  3.2693E+04 -2.0219E+04 -2.9242E+04     0.0   0.0
!-------------------------------
! Reactions of CH2N and CH2NNO !
!-------------------------------
CH2N+c_HONO=HCN+H2O+NO                            2.00E+00  1.00E+03  2.00E+00  1.00E+06  2.18E+03  -2.5982E+01 -4.3575E+01  1.8867E+04  6.2018E+04  2.6606E+04  7.4987E+04 -4.3151E+04 -4.8381E+04     0.0   0.0
CH2N+t_HONO=HCN+H2O+NO                            2.00E+00  1.00E+03  2.00E+00  1.00E+06  2.09E+03  -2.5468E+01 -4.2945E+01  1.7913E+04  5.9755E+04  2.5414E+04  7.2477E+04 -4.1842E+04 -4.7063E+04     0.0   0.0
CH2NNO=CH2N+NO                                    1.00E+00  1.00E+00  1.00E+00  1.00E+03  1.00E+00   3.7250E+01  7.1054E-15  1.9460E+04  0.0000E+00  8.4086E+03  0.0000E+00  1.9460E+04  8.4086E+03     0.0   0.0
CH2NNO+NO2=c_HONO+HCN+NO                          2.00E+00  1.00E+03  1.00E+00  1.00E+06  9.95E+02  -2.4685E+01 -4.3630E+01  1.8091E+04  4.5781E+04  2.5414E+04  5.8735E+04 -2.7689E+04 -3.3321E+04     0.0   0.0
!---------------------
! Reactions of CH2NH !
!---------------------
CH2NH+c_HONO=INT76a                               1.00E+00  1.00E+03  1.00E+00  1.00E+00  2.39E+02  -3.5448E+01  4.5820E+00 -1.8882E+03  1.0968E+04  8.6596E+03  9.6009E+03 -1.2856E+04 -9.4126E+02     0.0   0.0
INT76a+NO2=NH2CHO+c_HONO+NO                       2.00E+00  1.00E+03  1.00E+00  1.00E+06  1.31E+03  -3.2409E+01 -6.9365E+01  1.8590E+04  6.0289E+04  2.8238E+04  8.0949E+04 -4.1699E+04 -5.2711E+04     0.0   0.0
INT76a+NO=NH2CHO+HNO+NO                           1.00E+00  1.00E+03  1.00E+00  1.00E+06  8.97E+02  -3.2761E+01 -7.2939E+01  2.6660E+04  4.0976E+04  3.6396E+04  6.2688E+04 -1.4317E+04 -2.6293E+04     0.0   0.0
INT76a=CH2O+NH2NO                                 1.00E+00  1.00E+00  2.00E+00  1.00E+03  2.30E+02   4.5900E-01 -3.9723E+01  3.0067E+04  3.4334E+04  2.9932E+04  4.6185E+04 -4.2671E+03 -1.6252E+04     0.0   0.0
INT76a=NH2CHO+HNO                                 1.00E+00  1.00E+00  1.00E+00  1.00E+03  8.22E+02   7.8000E-02 -4.0100E+01  2.5160E+04  3.9477E+04  2.5163E+04  5.1456E+04 -1.4317E+04 -2.6293E+04     0.0   0.0
CH2NH+ONNO2=INT105a                               2.00E+00  1.00E+03  1.00E+00  1.00E+00  1.73E+02  -4.0298E+01  1.3600E+00  7.2873E+03  2.9669E+04  1.9265E+04  2.9242E+04 -2.2382E+04 -9.9774E+03     0.0   0.0
INT105a=INT75f+CH2O                               1.00E+00  1.00E+00  2.00E+00  1.00E+03  2.55E+02  -4.4800E-01 -4.3288E+01  2.2880E+04  4.7528E+03  2.3030E+04  1.7633E+04  1.8127E+04  5.3966E+03     0.0   0.0
INT75f=NO2+N2H                                    1.00E+00  1.00E+00  2.00E+00  1.00E+03  2.47E+02  -8.9100E-01 -3.9203E+01  3.9370E+03  3.7525E+03  4.2043E+03  1.5437E+04  1.8449E+02 -1.1232E+04     0.0   0.0
CH2NH+NO2=CH2N+c_HONO                             2.00E+00  1.00E+03  1.00E+00  1.00E+03  1.44E+03  -3.2965E+01 -3.4081E+01  1.1474E+04  2.7999E+03  2.1273E+04  1.2927E+04  8.6741E+03  8.3459E+03     0.0   0.0
CH2NH+NO2=CH2N+t_HONO                             2.00E+00  1.00E+03  1.00E+00  1.00E+03  1.61E+03  -3.0142E+01 -3.1374E+01  1.6318E+04  8.9539E+03  2.5289E+04  1.8261E+04  7.3644E+03  7.0281E+03     0.0   0.0
!-----------------------
! Reactions of INT159a !
!-----------------------
INT159a=INT112a+t_HONO                            1.00E+00  1.00E+00  1.00E+00  1.00E+03  1.40E+03   1.0960E+00 -4.3396E+01  3.9946E+04  5.3429E+04  3.9596E+04  6.6328E+04 -1.3483E+04 -2.6732E+04     0.0   0.0
INT112a=TAZ+HNO                                   1.00E+00  1.00E+00  1.00E+00  1.00E+03  4.31E+02   1.2870E+00 -3.8730E+01  3.3328E+04  3.3198E+04  3.2944E+04  4.4741E+04  1.2989E+02 -1.1797E+04     0.0   0.0
INT159a+c_HONO=INT206a                            1.00E+00  1.00E+03  1.00E+00  1.00E+00  6.59E+01  -3.7706E+01  2.9670E+00  4.7854E+03  7.1530E+03  1.6001E+04  6.2751E+03 -2.3676E+03  9.7264E+03     0.0   3.0
INT206a=INT206b                                   1.00E+00  1.00E+00  1.00E+00  1.00E+00  3.32E+02  -2.1190E+00 -1.5769E+01  1.0205E+04  2.2250E+04  1.0856E+04  2.6983E+04 -1.2045E+04 -1.6127E+04    -3.0   0.0
INT206b=INT132a+N2+NO2                            1.00E+00  1.00E+00  4.00E+00  1.00E+06  2.32E+02   4.9000E-02 -7.2617E+01  4.0267E+03  3.4415E+04  4.0161E+03  5.5974E+04 -3.0388E+04 -5.1958E+04     0.0   0.0
INT159a+ONNO2=INT235a                             2.00E+00  1.00E+03  1.00E+00  1.00E+00  1.42E+02  -4.1137E+01  1.5700E+00  1.2659E+04  2.2114E+04  2.4912E+04  2.1649E+04 -9.4547E+03  3.2630E+03     0.0   3.0
INT235a=INT235a_RO                                1.00E+00  1.00E+00  1.00E+00  1.00E+00  1.23E+02   5.4300E+00 -4.3410E+00  2.6983E+04  2.8432E+04  2.5351E+04  2.9681E+04 -1.4489E+03 -4.3298E+03    -3.0   0.0
INT159a=INT159a_RO                                1.00E+00  1.00E+00  1.00E+00  1.00E+00  1.71E+02   3.3860E+00 -5.8670E+00  3.3503E+04  1.7765E+03  3.2505E+04  3.5141E+03  3.1727E+04  2.8991E+04     0.0   3.0
INT159a_RO=INT85d+CH2NNO2                         1.00E+00  1.00E+00  1.00E+00  1.00E+03  2.16E+02   6.4340E+00 -3.7249E+01  9.0418E+03  6.4408E+03  7.0909E+03  1.7508E+04  2.6010E+03 -1.0417E+04    -3.0   0.0
!-------------------Level 4-----------------------------
!------------------------ 
! Reactions of CH2NHCHO !
!------------------------
CH2NHCHO+NO2=CH2NH+c_HONO+CO                      2.00E+00  1.00E+03  1.00E+00  1.00E+06  1.06E+03  -3.3342E+01 -6.6678E+01 -4.5212E+03  1.2906E+04  5.3966E+03  3.2756E+04 -1.7427E+04 -2.7359E+04     0.0   0.0
CH2NHCHO=CH2NH+HCO                                1.00E+00  1.00E+00  1.00E+00  1.00E+03  1.94E+02   4.2280E+00 -3.5021E+01  3.6980E+04  1.0291E+03  3.5705E+04  1.1421E+04  3.5951E+04  2.4285E+04     0.0   0.0
!---------------------- 
! Reactions of INT86a !
!----------------------
INT86a+c_HONO=INT88d+NH2CHO                       1.00E+00  1.00E+03  1.00E+00  1.00E+03  4.16E+02  -3.8698E+01 -3.8597E+01  3.4224E+04  3.2782E+04  4.5745E+04  4.4239E+04  1.4414E+03  1.5060E+03     0.0   0.0
INT88d=CH2NCHO+HNO                                1.00E+00  1.00E+00  1.00E+00  1.00E+03  9.17E+02   8.2300E-01 -3.9379E+01  2.6717E+04  2.9735E+04  2.6418E+04  4.1416E+04 -3.0177E+03 -1.4997E+04     0.0   0.0
INT86a+ONNO2=INT162b                              2.00E+00  1.00E+03  1.00E+00  1.00E+00  1.56E+02  -4.1939E+01  4.1700E-01  8.3114E+03  2.8582E+04  2.0833E+04  2.8489E+04 -2.0270E+04 -7.6556E+03     0.0   0.0
INT162b=INT132d+CH2O                              1.00E+00  1.00E+00  2.00E+00  1.00E+03  2.17E+02  -2.5380E+00 -4.5307E+01  2.1599E+04  6.2594E+03  2.2339E+04  1.9704E+04  1.5340E+04  2.6355E+03     0.0   0.0
INT132d=CH2NHCHO+NO2+N2                           1.00E+00  1.00E+00  4.00E+00  1.00E+06  2.51E+02  -5.8600E-01 -7.3817E+01  3.0409E+03  2.8749E+04  3.2003E+03  5.0703E+04 -2.5708E+04 -4.7502E+04     0.0   0.0
INT86a+NO2=INT85a+c_HONO                          2.00E+00  1.00E+03  1.00E+00  1.00E+03  1.29E+03  -2.9296E+01 -3.1582E+01  2.0151E+04  1.1314E+03  2.8865E+04  1.0542E+04  1.9020E+04  1.8323E+04     0.0   0.0
INT85a=CH2NHCHO+HCN                               1.00E+00  1.00E+00  1.00E+00  1.00E+03  6.81E+02   1.6730E+00 -2.0369E+01  1.3527E+04  2.3742E+04  1.3052E+04  2.9807E+04 -1.0215E+04 -1.6754E+04     0.0   0.0
!----------------------------------- 
! Reactions of INT161a and INT177b !
!-----------------------------------
INT161a=CH2NNO2+INT87d                            1.00E+00  1.00E+00  1.00E+00  1.00E+03  4.27E+02   4.6870E+00 -3.8784E+01  2.6615E+04  1.8083E+04  2.5226E+04  2.9618E+04  8.5316E+03 -4.3926E+03     0.0   0.0
INT161a=INT115a+NO2                               1.00E+00  1.00E+00  2.00E+00  1.00E+03  5.97E+02   2.0530E+00 -4.2289E+01  6.1050E+03  2.0192E+04  5.5221E+03  3.2756E+04 -1.4087E+04 -2.7234E+04     0.0   0.0
INT87d=CH2NCHO+NO                                 1.00E+00  1.00E+00  1.00E+00  1.00E+03  3.17E+02   3.2540E+00 -3.4964E+01  3.3446E+03  1.1591E+04  2.3845E+03  2.1963E+04 -8.2461E+03 -1.9578E+04     0.0   0.0
INT115a+NO2=INT114a+c_HONO                        2.00E+00  1.00E+03  1.00E+00  1.00E+03  1.28E+03  -3.4581E+01 -3.6499E+01  1.4302E+04 -1.8555E+03  2.4536E+04  8.9734E+03  1.6158E+04  1.5562E+04     0.0   0.0
INT114a=INT87d+HCN                                1.00E+00  1.00E+00  1.00E+00  1.00E+03  8.18E+02   1.3540E+00 -2.0245E+01  1.1442E+04  2.4465E+04  1.1044E+04  3.0497E+04 -1.3023E+04 -1.9453E+04     0.0   0.0
INT177b=INT131a+NO2                               1.00E+00  1.00E+00  2.00E+00  1.00E+03  6.09E+02  -9.7200E-01 -4.4634E+01  6.1057E+03  2.2031E+04  6.4006E+03  3.5266E+04 -1.5926E+04 -2.8865E+04     0.0   0.0
INT131a+ONNO2=INT207a                             2.00E+00  1.00E+03  1.00E+00  1.00E+00  1.66E+02  -4.4356E+01 -6.8500E-01  1.1215E+04  2.9943E+04  2.4410E+04  3.0120E+04 -1.8728E+04 -5.7103E+03     0.0   0.0
INT207a=INT177c+CH2O                              1.00E+00  1.00E+00  2.00E+00  1.00E+03  2.07E+02  -1.0800E+00 -4.4280E+01  2.1302E+04  6.8468E+03  2.1586E+04  2.0018E+04  1.4455E+04  1.5688E+03     0.0   0.0
INT177c=INT103e+NO2+N2                            1.00E+00  1.00E+00  4.00E+00  1.00E+06  2.21E+02  -3.5000E-01 -7.5069E+01  6.2431E+03  3.0715E+04  6.3378E+03  5.3025E+04 -2.4472E+04 -4.6687E+04     0.0   0.0
INT103e=CH2NCHO+NO2                               1.00E+00  1.00E+00  2.00E+00  1.00E+03  4.24E+02  -5.1100E-01 -4.2250E+01  4.9586E+03  1.8921E+04  5.0828E+03  3.1438E+04 -1.3962E+04 -2.6355E+04     0.0   0.0
!----------------------------
! Reactions of HNO and HNCO !
!----------------------------
HNO+NO2=NO+c_HONO                                 2.00E+00  1.00E+03  1.00E+00  1.00E+03  4.63E+02  -2.9369E+01 -2.6147E+01 -2.8363E+02  2.7098E+04  8.4714E+03  3.4890E+04 -2.7382E+04 -2.6418E+04     0.0   0.0
HNO+CH2N=NO+CH2NH                                 2.00E+00  1.00E+03  1.00E+00  1.00E+03  4.63E+02  -2.9369E+01 -2.6147E+01 -2.8363E+02  2.7098E+04  8.4714E+03  3.4890E+04 -2.7382E+04 -2.6418E+04     0.0   0.0
HNO+t_HONO=NO+H2O+NO                              2.00E+00  1.00E+03  1.00E+00  1.00E+03  4.63E+02  -2.9369E+01 -2.6147E+01 -2.8363E+02  2.7098E+04  8.4714E+03  3.4890E+04 -2.7382E+04 -2.6418E+04     0.0   0.0
HNO+c_HONO=NO+H2O+NO                              2.00E+00  1.00E+03  1.00E+00  1.00E+03  4.63E+02  -2.9369E+01 -2.6147E+01 -2.8363E+02  2.7098E+04  8.4714E+03  3.4890E+04 -2.7382E+04 -2.6418E+04     0.0   0.0
HNCO+c_HONO=INT90b                                1.00E+00  1.00E+03  1.00E+00  1.00E+00  5.04E+02  -3.8535E+01 -3.3250E+00  1.3776E+04  1.9797E+04  2.5289E+04  2.0771E+04 -6.0209E+03  4.5181E+03    -3.0   0.0
INT90b=NH2NO+CO2                                  1.00E+00  1.00E+00  2.00E+00  1.00E+03  1.36E+02  -2.4260E+00 -3.2464E+01  9.5469E+03  3.5066E+04  1.0228E+04  4.4741E+04 -2.5519E+04 -3.4513E+04     0.0   0.0
HNCO+ONNO2=ONNH+CO2+NO                            2.00E+00  1.00E+03  1.00E+00  1.00E+06  3.34E+02  -3.9800E+01 -7.0067E+01  2.7984E+04  4.3367E+04  3.9847E+04  6.4194E+04 -1.5383E+04 -2.4347E+04    -3.0   0.0
ONNH+NO2=N2O+c_HONO                               2.00E+00  1.00E+03  1.00E+00  1.00E+03  1.00E+00   0.0000E+00  6.3310E+00 -1.7835E-08  4.5329E+04 -1.7835E-08  4.3486E+04 -4.5329E+04 -4.3486E+04     3.0   0.0
!----------------------------------------
! Reactions of NH2CHO and NH2NO and N2H !
!----------------------------------------
NH2CHO+NO2=NH2CO+c_HONO                           2.00E+00  1.00E+03  1.00E+00  1.00E+03  1.36E+03  -3.5131E+01 -3.6236E+01  1.6054E+04 -4.9134E+02  2.6481E+04  1.0291E+04  1.6545E+04  1.6190E+04     0.0   0.0
NH2CO+NO2=HNCO+t_HONO                             2.00E+00  1.00E+03  1.00E+00  1.00E+03  6.36E+02  -4.2839E+01 -3.8959E+01 -3.1196E+04  1.4956E+04 -1.8449E+04  2.6544E+04 -4.6152E+04 -4.4992E+04     0.0   0.0
NH2CHO+CH2N=NH2CO+CH2NH                           1.00E+00  1.00E+03  1.00E+00  1.00E+03  1.73E+03  -3.3760E+01 -3.3749E+01  1.3284E+04  5.4135E+03  2.3281E+04  1.5437E+04  7.8708E+03  7.8439E+03     0.0   0.0
NH2NO+NO2=ONNH+c_HONO                             2.00E+00  1.00E+03  1.00E+00  1.00E+03  1.38E+03  -3.4718E+01 -3.4215E+01  1.4150E+04  2.6105E+04  2.4473E+04  3.6270E+04 -1.1955E+04 -1.1797E+04     0.0   0.0
N2H+NO2=c_HONO+N2                                 1.00E+00  1.00E+03  1.00E+00  1.00E+03  1.00E+00   0.0000E+00  7.3670E+00  1.7835E-08  7.3848E+04  0.0000E+00  7.1662E+04 -7.3848E+04 -7.1662E+04     0.0   0.0
N2H+NO2=t_HONO+N2                                 1.00E+00  1.00E+03  1.00E+00  1.00E+03  1.00E+00   0.0000E+00  7.2510E+00  1.7835E-08  7.5158E+04  0.0000E+00  7.2979E+04 -7.5158E+04 -7.2979E+04     0.0   0.0
!------------------------------
! Reactions of TAZ and INT85d !
!------------------------------
INT85d=CH2NCHO+N2                                 1.00E+00  1.00E+00  2.00E+00  1.00E+03  2.69E+02  -4.1790E+00 -3.8766E+01  1.3786E+04  9.6772E+04  1.4997E+04  1.0825E+05 -8.2986E+04 -9.3248E+04     0.0   0.0
INT85d+CH2N=INT84f+CH2NH                          1.00E+00  1.00E+03  1.00E+00  1.00E+03  1.77E+03  -3.2281E+01 -3.3413E+01  1.4917E+04  8.3321E+03  2.4473E+04  1.8261E+04  6.5845E+03  6.2123E+03     0.0   0.0
INT84f=HCN+HCN+NO                                 1.00E+00  1.00E+00  1.00E+00  1.00E+06  5.94E+02   1.0470E+00 -4.0763E+01  1.6728E+04  5.7422E+04  1.6441E+04  6.9528E+04 -4.0694E+04 -5.3087E+04     0.0   0.0
!-------------------Level 5-----------------------------
!--------------------------------
! Reactions of HCO, CO and CH2O !
!--------------------------------
HCO+c_HONO=CO+H2O+NO                              1.00E+00  1.00E+03  1.00E+00  1.00E+06  1.31E+03  -2.8584E+01 -5.8569E+01  8.3264E+03  5.7706E+04  1.6817E+04  7.5113E+04 -4.9380E+04 -5.8296E+04     0.0   0.0
CO+c_HONO=CO2+HNO                                 1.00E+00  1.00E+03  1.00E+00  1.00E+03  6.06E+02  -3.2151E+01 -2.9583E+01  4.9654E+04  7.7454E+04  5.9237E+04  8.6282E+04 -2.7800E+04 -2.7046E+04     0.0   0.0
CH2O+CH2N=CH2NH+HCO                               2.00E+00  1.00E+03  1.00E+00  1.00E+03  1.79E+03  -3.1801E+01 -3.1099E+01  1.0988E+04  8.3703E+03  2.0457E+04  1.7633E+04  2.6173E+03  2.8238E+03     0.0   0.0
CH2O+c_HONO=INT77a                                1.00E+00  1.00E+03  1.00E+00  1.00E+00  4.13E+02  -3.8448E+01  3.1700E-01  2.5403E+04  3.4449E+04  3.6898E+04  3.4387E+04 -9.0455E+03  2.5100E+03     0.0   0.0
INT77a=HCOOH+HNO                                  1.00E+00  1.00E+00  1.00E+00  1.00E+03  8.02E+02  -7.4700E-01 -3.8817E+01  2.5037E+04  3.5969E+04  2.5289E+04  4.7565E+04 -1.0932E+04 -2.2277E+04     0.0   0.0
!---------------------
! Reactions of HCOOH !
!---------------------
HCOOH+HCOOH=HCOOH+CO+H2O                          1.00E+00  1.00E+03  2.00E+00  1.00E+06  6.69E+02  -3.6603E+01 -7.0919E+01  2.9472E+04  2.0200E+04  4.0349E+04  4.1290E+04  9.2714E+03 -9.4126E+02     0.0   0.0
HCOOH+NO2=HOCO+c_HONO                             2.00E+00  1.00E+03  1.00E+00  1.00E+03  1.49E+03  -3.6201E+01 -3.7314E+01  2.1000E+04  1.2312E+03  3.1752E+04  1.2299E+04  1.9768E+04  1.9453E+04     0.0   0.0
CH2N+HOCO=CH2NCOOH                                1.00E+00  1.00E+03  1.00E+00  1.00E+00  1.00E+00   0.0000E+00  4.2668E+01  0.0000E+00  6.8134E+04  1.7835E-08  5.5472E+04 -6.8134E+04 -5.5472E+04     0.0   0.0
CH2NCOOH=CH2NH+CO2                                1.00E+00  1.00E+00  2.00E+00  1.00E+03  1.80E+03  -1.7330E+00 -3.4800E+01  2.6616E+04  3.6834E+04  2.7108E+04  4.7189E+04 -1.0217E+04 -2.0080E+04     0.0   0.0
HCOOH+NO2=OCHO+c_HONO                             2.00E+00  1.00E+03  1.00E+00  1.00E+03  3.80E+02  -3.6849E+01 -3.8982E+01  2.7474E+04 -2.7240E+03  3.8466E+04  8.9106E+03  3.0198E+04  2.9556E+04     0.0   0.0
OCHO=HOCO                                         1.00E+00  1.00E+00  1.00E+00  1.00E+00  1.87E+03  -1.1780E+00 -1.5800E-01  2.4641E+04  3.5071E+04  2.4975E+04  3.5078E+04 -1.0430E+04 -1.0103E+04     0.0   0.0
!
END
